160.000000000000
160.000000000000
0.883801457794
1.000000000000
90.000000000000
80.000000000000
1.000000000000
1.000000000000
80.000000000000
80.000000000000
1.000000000000
1.000000000000
90.000000000000
80.000000000000
1.000000000000
1.000000000000
80.000000000000
80.000000000000
1.000000000000
1.000000000000
60.000000000000
40.000000000000
1.000000000000
1.000000000000
40.000000000000
30.000000000000
1.000000000000
1.000000000000
60.000000000000
40.000000000000
1.000000000000
1.000000000000
40.000000000000
30.000000000000
1.000000000000
1.000000000000
108.219779804448
108.219779804448
1.000000000000
0.739581901676
578.571268037074
98.775717746183
424.775528050607
449.138638864995
0.000000000000
112.973551984717
393.591975105289
464.725142771880
0.000000000000
241.301534024968
205.666008552084
220.311272548189
0.000000000000
176.865773690142
243.325288891550
247.925686687300
0.000000000000
268.030179506415
