0.011338610057
0.005919741171
0.057843614221
13.727886981200
17.187018644850
2.379470311382
0.022951360510
0.044646538338
0.036911865600
0.092811089369
0.045403438045
0.039861916358
0.047238494363
0.075382591595
0.003043376268
0.005335630451
0.016916489037
0.029655329941
0.035955264466
0.051108968665
0.004577192249
0.004803275130
0.015447161151
0.039358547774
0.056909245307
0.045386111756
0.008205836377
0.033335148872
0.013288913439
0.011086279806
0.034133414639
-0.205444856555
-0.041174863964
-100000.000000000000
-100000.000000000000
-100000.000000000000
837.979505097739
-0.165579658090
-0.521959260503
-0.406563037410
-1.443430612060
-0.324637147706
-0.462231279257
-0.766701903642
-1.213189691668
0.143656577776
-0.094380855544
0.107255649197
-2.002108561475
-0.700022865039
-1.591114845451
-0.156531883623
-0.203554423123
0.049774887548
0.925640387672
2.467495026767
-1.245737733588
-0.208051753577
-0.377472100128
-0.195977648371
-0.736709235490
-0.829305494724
0.203088373877
0.192291975825
100000.000000000000
100000.000000000000
100000.000000000000
919.851897180395
0.312356055276
0.702874953670
0.452157995184
0.470077368405
0.317614914595
0.556567911331
0.013347875116
0.403964962535
0.266389672856
0.057129198835
0.500852171391
-0.979710402176
0.349217179266
-0.173866100549
-0.065664400279
-0.077682063480
0.387208249277
2.272992980587
3.835035160915
-0.140357427174
0.025953796640
0.402589406454
0.551102596995
-0.035442534363
1.026253619371
